Id gender Math English Physics Science
301610 male 72 39 74 93
301611 male 75 85 93 26
301612 female 85 79 91 57
301613 female 63 89 61 62
301614 male 72 63 58 64
301615 male 99 82 70 31
301616 female 100 81 63 72
301617 male 74 100 81 59
301618 female 68 72 63 100
301619 male 63 39 59 87
301620 female 84 88 48 48
301621 male 71 88 92 46
301622 male 82 49 66 78
301623 male 63 80 83 88
301624 female 86 80 56 69
301625 male 76 69 86 49
301626 male 91 59 93 51
301627 female 92 76 79 100
301628 male 79 89 78 57
301629 male 85 74 78 80